0 aah 875 649 589 324 150 70 50 2 1
1 aal 697 590 283 71 61 28 19 2 0
2 aas 845 819 760 654 595 477 436 408 328 288 237 74 65 53 48 23 10 1 0
3 aba 59 56 35 31 25 17 14 5 4
4 abo 66 58 16 9 5 3
5 aby 40 4 3
6 ace 366 64 63 60 57 54 44 41 37 27 15 7
7 act 49 42 39 30 24 13 6
8 add 550 36 18 11 10 9
9 ado 805 66 58 16 11 10 8 4
10 ads 552 369 65 53 48 23 11 9 8 2
11 adz 10 9 8
12 aff 554 202 45 13
13 aft 555 204 49 42 39 30 24 12 7
14 aga 59 56 35 31 25 17 16 15 3
15 age 64 63 60 57 54 44 41 37 27 16 14 6
16 ago 206 66 58 15 14 9 4
17 aha 855 59 56 35 31 25 14 3
18 aid 889 673 488 453 419 342 299 251 167 85 36 24 23 22 21 20 19 8
19 ail 777 559 523 490 254 61 28 24 23 22 21 20 18 1
20 aim 830 719 675 524 491 344 170 47 24 23 22 21 19 18
21 ain 890 859 831 778 720 676 616 455 421 395 345 302 255 171 87 62 24 23 22 20 19 18
22 air 722 492 256 24 23 21 20 19 18
23 ais 874 860 832 780 723 618 493 457 347 89 65 53 48 24 22 21 20 19 18 10 2
24 ait 861 807 781 724 619 526 458 423 348 304 257 173 90 49 42 39 30 23 22 21 20 19 18 13 7
25 ala 59 56 35 31 30 29 28 27 26 17 14 3
26 alb 30 29 28 27 25
27 ale 563 64 63 60 57 54 44 41 37 30 29 28 26 25 15 6
28 all 372 211 61 30 29 27 26 25 19 1
29 alp 52 33 30 28 27 26 25
30 alt 49 42 39 29 28 27 26 25 24 13 7
31 ama 59 56 35 34 33 32 25 17 14 3
32 ami 38 34 33 31
33 amp 809 373 52 34 32 31 29
34 amu 216 33 32 31
35 ana 59 56 40 39 38 37 36 31 25 17 14 3
36 and 217 40 39 38 37 35 18 8
37 ane 565 64 63 60 57 54 44 41 40 39 38 36 35 27 15 6
38 ani 40 39 37 36 35 32
39 ant 49 42 40 38 37 36 35 30 24 13 7
40 any 39 38 37 36 35 5
41 ape 569 64 63 60 57 54 44 42 37 27 15 6
42 apt 571 49 41 39 30 24 13 7
43 arc 574 49 48 47 46 45 44
44 are 575 378 222 64 63 60 57 54 49 48 47 46 45 43 41 37 27 15 6
45 arf 49 48 47 46 44 43 12
46 ark 379 55 51 49 48 47 45 44 43
47 arm 49 48 46 45 44 43 20
48 ars 576 226 65 53 49 47 46 45 44 43 23 10 2
49 art 577 48 47 46 45 44 43 42 39 30 24 13 7
50 ash 53 52 51 0
51 ask 794 55 53 52 50 46
52 asp 53 51 50 33 29
53 ass 227 65 52 51 50 48 23 10 2
54 ate 64 63 60 57 44 41 37 27 15 6
55 auk 897 51 46
56 ava 582 59 58 57 35 31 25 17 14 3
57 ave 230 64 63 60 58 56 54 44 41 37 27 15 6
58 avo 66 57 56 16 9 4
59 awa 802 62 61 60 56 35 31 25 17 14 3
60 awe 583 231 64 63 62 61 59 57 54 44 41 37 27 15 6
61 awl 584 62 60 59 28 19 1
62 awn 585 61 60 59 21
63 axe 64 60 57 54 44 41 37 27 15 6
64 aye 873 804 691 644 469 232 194 112 65 63 60 57 54 44 41 37 27 15 6
65 ays 113 64 53 48 23 10 2
66 azo 58 16 9 4
67 baa 102 91 76 75 74 73 72 71 70 69 68
68 bad 839 751 694 647 588 471 431 321 280 233 148 115 104 93 85 77 76 75 74 73 72 71 70 69 67
69 bag 899 841 753 696 648 515 473 432 384 323 282 234 149 105 94 86 79 76 75 74 73 72 71 70 68 67
70 bah 875 649 589 324 150 76 75 74 73 72 71 69 68 67 0
71 bal 697 590 283 80 76 75 74 73 72 70 69 68 67 1
72 ban 842 818 756 652 592 474 285 235 117 107 87 81 76 75 74 73 71 70 69 68 67
73 bar 879 844 759 594 545 476 435 386 287 236 195 119 108 76 75 74 72 71 70 69 68 67
74 bas 845 819 760 654 595 477 436 408 328 288 237 113 109 97 89 76 75 73 72 71 70 69 68 67 2
75 bat 846 820 761 699 655 596 546 478 437 409 329 289 238 196 120 110 98 90 82 76 74 73 72 71 70 69 68 67
76 bay 881 849 703 658 599 517 480 440 410 388 331 290 240 155 122 111 101 83 75 74 73 72 71 70 69 68 67
77 bed 902 851 767 661 601 442 291 241 104 93 85 83 82 81 80 79 78 68
78 bee 903 852 824 768 706 662 602 519 443 389 292 242 157 123 112 83 82 81 80 79 77
79 beg 825 769 603 444 413 105 94 86 83 82 81 80 78 77 69
80 bel 708 481 293 201 159 83 82 81 79 78 77 71
81 ben 884 853 770 709 604 483 414 333 243 160 107 87 83 82 80 79 78 77 72
82 bet 887 854 826 711 668 608 520 484 447 390 337 295 245 110 98 90 83 81 80 79 78 77 75
83 bey 451 417 340 296 248 165 111 101 82 81 80 79 78 77 76
84 bib 717 672 522 487 452 393 298 250 166 103 92 90 89 88 87 86 85
85 bid 889 673 488 453 419 342 299 251 167 104 93 90 89 88 87 86 84 77 68 18
86 big 904 858 674 615 489 394 301 253 169 105 94 90 89 88 87 85 84 79 69
87 bin 890 859 831 778 720 676 616 455 421 395 345 302 255 171 107 90 89 88 86 85 84 81 72 21
88 bio 95 90 89 87 86 85 84
89 bis 874 860 832 780 723 618 493 457 347 113 109 97 90 88 87 86 85 84 74 23
90 bit 861 807 781 724 619 526 458 423 348 304 257 173 110 98 89 88 87 86 85 84 82 75 24
91 boa 906 495 424 306 102 101 100 99 98 97 96 95 94 93 92 67
92 bob 729 678 528 496 459 396 349 307 262 125 103 101 100 99 98 97 96 95 94 93 91 84
93 bod 892 782 730 680 623 529 497 350 308 126 104 101 100 99 98 97 96 95 94 92 91 85 77 68
94 bog 784 530 498 460 398 352 264 176 127 105 101 100 99 98 97 96 95 93 92 91 86 79 69
95 boo 907 866 787 533 502 461 309 130 101 100 99 98 97 96 94 93 92 91 88
96 bop 867 788 733 627 503 462 425 353 267 131 101 100 99 98 97 95 94 93 92 91
97 bos 868 734 535 427 181 132 113 109 101 100 99 98 96 95 94 93 92 91 89 74
98 bot 869 790 735 682 628 568 536 505 463 399 354 311 182 133 110 101 100 99 97 96 95 94 93 92 91 90 82 75
99 bow 896 870 835 791 737 683 629 537 506 464 400 355 183 134 101 100 98 97 96 95 94 93 92 91
100 box 836 738 630 465 312 270 135 101 99 98 97 96 95 94 93 92 91
101 boy 792 739 401 356 313 271 136 111 100 99 98 97 96 95 94 93 92 91 83 76
102 bra 572 221 91 67
103 bub 795 744 684 634 539 357 274 185 139 111 110 109 108 107 106 105 104 92 84
104 bud 872 635 579 507 275 187 140 111 110 109 108 107 106 105 103 93 85 77 68
105 bug 837 796 686 636 508 466 402 359 276 189 111 110 109 108 107 106 104 103 94 86 79 69
106 bum 746 687 509 467 361 315 142 111 110 109 108 107 105 104 103
107 bun 798 747 688 638 540 510 403 362 316 277 191 111 110 109 108 106 105 104 103 87 81 72
108 bur 640 580 278 144 111 110 109 107 106 105 104 103 73
109 bus 641 541 511 404 113 111 110 108 107 106 105 104 103 97 89 74
110 but 800 689 642 581 542 512 405 364 317 145 111 109 108 107 106 105 104 103 98 90 82 75
111 buy 318 110 109 108 107 106 105 104 103 101 83 76
112 bye 873 804 691 644 469 232 194 113 78 64
113 bys 112 109 97 89 74 65
114 cab 838 750 692 513 429 406 383 279 147 139 125 122 121 120 119 118 117 116 115
115 cad 839 751 694 647 588 471 431 321 280 233 148 140 126 122 121 120 119 118 117 116 114 68
116 cam 877 755 651 591 433 385 326 284 152 146 142 122 121 120 119 118 117 115 114
117 can 842 818 756 652 592 474 285 235 129 122 121 120 119 118 116 115 114 72
118 cap 900 878 843 758 698 653 593 516 475 434 327 286 153 143 131 122 121 120 119 117 116 115 114
119 car 879 844 759 594 545 476 435 386 287 236 195 144 122 121 120 118 117 116 115 114 73
120 cat 846 820 761 699 655 596 546 478 437 409 329 289 238 196 145 133 122 121 119 118 117 116 115 114 75
121 caw 880 847 823 764 701 656 597 479 438 387 330 154 134 122 120 119 118 117 116 115 114
122 cay 881 849 703 658 599 517 480 440 410 388 331 290 240 155 138 136 121 120 119 118 117 116 115 114 76
123 cee 903 852 824 768 706 662 602 519 443 389 292 242 157 141 78
124 chi 610 418 297
125 cob 729 678 528 496 459 396 349 307 262 139 137 136 135 134 133 132 131 130 129 128 127 126 114 92
126 cod 892 782 730 680 623 529 497 350 308 140 137 136 135 134 133 132 131 130 129 128 127 125 115 93
127 cog 784 530 498 460 398 352 264 176 137 136 135 134 133 132 131 130 129 128 126 125 94
128 col 731 626 499 177 137 136 135 134 133 132 131 130 129 127 126 125
129 con 894 865 834 786 732 501 377 266 220 179 137 136 135 134 133 132 131 130 128 127 126 125 117
130 coo 907 866 787 533 502 461 309 137 136 135 134 133 132 131 129 128 127 126 125 95
131 cop 867 788 733 627 503 462 425 353 267 143 137 136 135 134 133 132 130 129 128 127 126 125 118 96
132 cos 868 734 535 427 181 137 136 135 134 133 131 130 129 128 127 126 125 97
133 cot 869 790 735 682 628 568 536 505 463 399 354 311 182 145 137 136 135 134 132 131 130 129 128 127 126 125 120 98
134 cow 896 870 835 791 737 683 629 537 506 464 400 355 183 137 136 135 133 132 131 130 129 128 127 126 125 121 99
135 cox 836 738 630 465 312 270 137 136 134 133 132 131 130 129 128 127 126 125 100
136 coy 792 739 401 356 313 271 138 137 135 134 133 132 131 130 129 128 127 126 125 122 101
137 coz 136 135 134 133 132 131 130 129 128 127 126 125
138 cry 871 793 632 273 184 136 122
139 cub 795 744 684 634 539 357 274 185 145 144 143 142 141 140 125 114 103
140 cud 872 635 579 507 275 187 145 144 143 142 141 139 126 115 104
141 cue 745 685 428 358 188 145 144 143 142 140 139 123
142 cum 746 687 509 467 361 315 146 145 144 143 141 140 139 116 106
143 cup 898 799 748 639 363 193 145 144 142 141 140 139 131 118
144 cur 640 580 278 145 143 142 141 140 139 119 108
145 cut 800 689 642 581 542 512 405 364 317 144 143 142 141 140 139 133 120 110
146 cwm 142 116
147 dab 838 750 692 513 429 406 383 279 185 166 156 155 154 153 152 151 150 149 148 114
148 dad 839 751 694 647 588 471 431 321 280 233 187 167 155 154 153 152 151 150 149 147 115 68
149 dag 899 841 753 696 648 515 473 432 384 323 282 234 189 176 169 155 154 153 152 151 150 148 147 69
150 dah 875 649 589 324 155 154 153 152 151 149 148 147 70 0
151 dak 876 544 155 154 153 152 150 149 148 147
152 dam 877 755 651 591 433 385 326 284 178 170 155 154 153 151 150 149 148 147 116
153 dap 900 878 843 758 698 653 593 516 475 434 327 286 193 172 155 154 152 151 150 149 148 147 118
154 daw 880 847 823 764 701 656 597 479 438 387 330 183 163 155 153 152 151 150 149 148 147 121
155 day 881 849 703 658 599 517 480 440 410 388 331 290 240 184 165 154 153 152 151 150 149 148 147 122 76
156 deb 850 659 518 185 166 165 164 163 162 161 160 159 158 157 147
157 dee 903 852 824 768 706 662 602 519 443 389 292 242 194 188 175 168 165 164 163 162 161 160 159 158 156 123 78
158 dei 707 664 445 190 165 164 163 162 161 160 159 157 156
159 del 708 481 293 201 177 165 164 163 162 161 160 158 157 156 80
160 den 884 853 770 709 604 483 414 333 243 191 179 171 165 164 163 162 161 159 158 157 156 81
161 des 886 667 607 553 336 181 165 164 163 162 160 159 158 157 156
162 dev 669 449 165 164 163 161 160 159 158 157 156
163 dew 888 771 712 609 521 485 392 338 247 183 165 164 162 161 160 159 158 157 156 154
164 dex 827 713 670 450 416 339 165 163 162 161 160 159 158 157 156
165 dey 451 417 340 296 248 184 164 163 162 161 160 159 158 157 156 155 83
166 dib 717 672 522 487 452 393 298 250 185 173 172 171 170 169 168 167 156 147 84
167 did 889 673 488 453 419 342 299 251 187 173 172 171 170 169 168 166 148 85 18
168 die 829 776 614 454 343 300 252 194 188 175 173 172 171 170 169 167 166 157
169 dig 904 858 674 615 489 394 301 253 189 176 173 172 171 170 168 167 166 149 86
170 dim 830 719 675 524 491 344 178 173 172 171 169 168 167 166 152 20
171 din 890 859 831 778 720 676 616 455 421 395 345 302 255 191 179 173 172 170 169 168 167 166 160 87 21
172 dip 905 891 779 721 677 617 525 456 422 346 303 193 173 171 170 169 168 167 166 153
173 dit 861 807 781 724 619 526 458 423 348 304 257 182 172 171 170 169 168 167 166 90 24
174 doc 679 186 183 182 181 180 179 178 177 176 175
175 doe 863 833 783 681 397 351 263 194 188 183 182 181 180 179 178 177 176 174 168 157
176 dog 784 530 498 460 398 352 264 189 183 182 181 180 179 178 177 175 174 169 149 127 94
177 dol 731 626 499 183 182 181 180 179 178 176 175 174 159 128
178 dom 893 785 532 500 183 182 181 180 179 177 176 175 174 170 152
179 don 894 865 834 786 732 501 377 266 220 191 183 182 181 180 178 177 176 175 174 171 160 129
180 dor 789 534 504 426 310 268 183 182 181 179 178 177 176 175 174
181 dos 868 734 535 427 183 182 180 179 178 177 176 175 174 161 132 97
182 dot 869 790 735 682 628 568 536 505 463 399 354 311 183 181 180 179 178 177 176 175 174 173 133 98
183 dow 896 870 835 791 737 683 629 537 506 464 400 355 182 181 180 179 178 177 176 175 174 163 154 134 99
184 dry 871 793 632 273 165 155 138
185 dub 795 744 684 634 539 357 274 193 192 191 190 189 188 187 186 166 156 147 139 103
186 duc 193 192 191 190 189 188 187 185 174
187 dud 872 635 579 507 275 193 192 191 190 189 188 186 185 167 148 140 104
188 due 745 685 428 358 194 193 192 191 190 189 187 186 185 175 168 157 141
189 dug 837 796 686 636 508 466 402 359 276 193 192 191 190 188 187 186 185 176 169 149 105
190 dui 797 193 192 191 189 188 187 186 185 158
191 dun 798 747 688 638 540 510 403 362 316 277 193 192 190 189 188 187 186 185 179 171 160 107
192 duo 193 191 190 189 188 187 186 185
193 dup 898 799 748 639 363 192 191 190 189 188 187 186 185 172 153 143
194 dye 873 804 691 644 469 232 188 175 168 157 112 64
195 ear 879 844 759 594 545 476 435 386 287 236 225 197 196 119 73
196 eat 846 820 761 699 655 596 546 478 437 409 329 289 238 204 197 195 120 75
197 eau 821 762 700 216 199 196 195
198 ebb
199 ecu 216 197
200 edh 229
201 eel 708 481 293 211 159 80
202 eff 554 209 204 203 12
203 efs 370 227 226 219 215 213 204 202
204 eft 555 203 202 196 13
205 egg 223 218 206
206 ego 205 16
207 eke 808 561 232 231 230 222 214
208 eld 562 217 213 212 211 210 209
209 elf 213 212 211 210 208 202
210 elk 371 213 212 211 209 208
211 ell 372 213 212 210 209 208 201 28
212 elm 213 211 210 209 208
213 els 227 226 219 215 212 211 210 209 208 203
214 eme 232 231 230 222 216 215 207
215 ems 564 227 226 219 216 214 213 203
216 emu 215 214 199 197 34
217 end 219 218 208 36
218 eng 223 219 217 205
219 ens 810 566 376 227 226 218 217 215 213 203
220 eon 894 865 834 786 732 501 377 266 224 179 129
221 era 572 228 226 225 224 223 222 102
222 ere 575 378 232 231 230 226 225 224 223 221 214 207 44
223 erg 226 225 224 222 221 218 205
224 ern 814 226 225 223 222 221 220
225 err 226 224 223 222 221 195
226 ers 576 227 225 224 223 222 221 219 215 213 203 48
227 ess 226 219 215 213 203 53
228 eta 816 229 221
229 eth 538 228 200
230 eve 232 231 222 214 207 57
231 ewe 583 232 230 222 214 207 60
232 eye 873 804 691 644 469 231 230 222 214 207 194 112 64
233 fad 839 751 694 647 588 471 431 321 280 275 251 241 240 239 238 237 236 235 234 148 115 68
234 fag 899 841 753 696 648 515 473 432 384 323 282 276 264 253 240 239 238 237 236 235 233 149 69
235 fan 842 818 756 652 592 474 285 277 266 255 243 240 239 238 237 236 234 233 117 72
236 far 879 844 759 594 545 476 435 386 287 278 268 256 244 240 239 238 237 235 234 233 195 119 73
237 fas 845 819 760 654 595 477 436 408 328 288 240 239 238 236 235 234 233 74 2
238 fat 846 820 761 699 655 596 546 478 437 409 329 289 257 245 240 239 237 236 235 234 233 196 120 75
239 fax 901 848 765 702 657 598 439 270 258 240 238 237 236 235 234 233
240 fay 881 849 703 658 599 517 480 440 410 388 331 290 273 271 261 248 239 238 237 236 235 234 233 155 122 76
241 fed 902 851 767 661 601 442 291 275 251 249 248 247 246 245 244 243 242 233 77
242 fee 903 852 824 768 706 662 602 519 443 389 292 263 252 249 248 247 246 245 244 243 241 157 123 78
243 fen 884 853 770 709 604 483 414 333 277 266 255 249 248 247 246 245 244 242 241 235 160 81
244 fer 710 606 335 278 268 256 249 248 247 246 245 243 242 241 236
245 fet 887 854 826 711 668 608 520 484 447 390 337 295 257 249 248 247 246 244 243 242 241 238 82
246 feu 448 391 269 260 249 248 247 245 244 243 242 241
247 few 888 771 712 609 521 485 392 338 249 248 246 245 244 243 242 241 163
248 fey 451 417 340 296 273 271 261 249 247 246 245 244 243 242 241 240 165 83
249 fez 259 248 247 246 245 244 243 242 241
250 fib 717 672 522 487 452 393 298 274 262 259 258 257 256 255 254 253 252 251 166 84
251 fid 889 673 488 453 419 342 299 275 259 258 257 256 255 254 253 252 250 241 233 167 85 18
252 fie 829 776 614 454 343 300 263 259 258 257 256 255 254 253 251 250 242 168
253 fig 904 858 674 615 489 394 301 276 264 259 258 257 256 255 254 252 251 250 234 169 86
254 fil 777 559 523 490 259 258 257 256 255 253 252 251 250 19
255 fin 890 859 831 778 720 676 616 455 421 395 345 302 277 266 259 258 257 256 254 253 252 251 250 243 235 171 87 21
256 fir 722 492 278 268 259 258 257 255 254 253 252 251 250 244 236 22
257 fit 861 807 781 724 619 526 458 423 348 304 259 258 256 255 254 253 252 251 250 245 238 173 90 24
258 fix 725 621 527 494 270 259 257 256 255 254 253 252 251 250 239
259 fiz 862 258 257 256 255 254 253 252 251 250 249
260 flu 269 261 246
261 fly 728 622 273 271 260 248 240
262 fob 729 678 528 496 459 396 349 307 274 271 270 269 268 267 266 265 264 263 250 125 92
263 foe 863 833 783 681 397 351 271 270 269 268 267 266 265 264 262 252 242 175
264 fog 784 530 498 460 398 352 276 271 270 269 268 267 266 265 263 262 253 234 176 127 94
265 foh 624 567 531 271 270 269 268 267 266 264 263 262
266 fon 894 865 834 786 732 501 377 277 271 270 269 268 267 265 264 263 262 255 243 235 220 179 129
267 fop 867 788 733 627 503 462 425 353 271 270 269 268 266 265 264 263 262 131 96
268 for 789 534 504 426 310 278 271 270 269 267 266 265 264 263 262 256 244 236 180
269 fou 895 736 271 270 268 267 266 265 264 263 262 260 246
270 fox 836 738 630 465 312 271 269 268 267 266 265 264 263 262 258 239 135 100
271 foy 792 739 401 356 313 273 270 269 268 267 266 265 264 263 262 261 248 240 136 101
272 fro 631 273
273 fry 871 793 632 272 271 261 248 240 184 138
274 fub 795 744 684 634 539 357 278 277 276 275 262 250 185 139 103
275 fud 872 635 579 507 278 277 276 274 251 241 233 187 140 104
276 fug 837 796 686 636 508 466 402 359 278 277 275 274 264 253 234 189 105
277 fun 798 747 688 638 540 510 403 362 316 278 276 275 274 266 255 243 235 191 107
278 fur 640 580 277 276 275 274 268 256 244 236 144 108
279 gab 838 750 692 513 429 406 383 307 298 290 289 288 287 286 285 284 283 282 281 280 147 114
280 gad 839 751 694 647 588 471 431 321 308 299 291 290 289 288 287 286 285 284 283 282 281 279 233 148 115 68
281 gae 840 752 695 514 472 407 322 300 292 290 289 288 287 286 285 284 283 282 280 279
282 gag 899 841 753 696 648 515 473 432 384 323 301 290 289 288 287 286 285 284 283 281 280 279 234 149 69
283 gal 697 590 314 293 290 289 288 287 286 285 284 282 281 280 279 71 1
284 gam 877 755 651 591 433 385 326 319 315 294 290 289 288 287 286 285 283 282 281 280 279 152 116
285 gan 842 818 756 652 592 474 316 302 290 289 288 287 286 284 283 282 281 280 279 235 117 72
286 gap 900 878 843 758 698 653 593 516 475 434 327 320 303 290 289 288 287 285 284 283 282 281 280 279 153 118
287 gar 879 844 759 594 545 476 435 386 310 290 289 288 286 285 284 283 282 281 280 279 236 195 119 73
288 gas 845 819 760 654 595 477 436 408 328 290 289 287 286 285 284 283 282 281 280 279 237 74 2
289 gat 846 820 761 699 655 596 546 478 437 409 329 317 311 304 295 290 288 287 286 285 284 283 282 281 280 279 238 196 120 75
290 gay 881 849 703 658 599 517 480 440 410 388 331 318 313 296 289 288 287 286 285 284 283 282 281 280 279 240 155 122 76
291 ged 902 851 767 661 601 442 308 299 296 295 294 293 292 280 241 77
292 gee 903 852 824 768 706 662 602 519 443 389 300 296 295 294 293 291 281 242 157 123 78
293 gel 708 481 314 296 295 294 292 291 283 201 159 80
294 gem 665 482 332 319 315 296 295 293 292 291 284
295 get 887 854 826 711 668 608 520 484 447 390 337 317 311 304 296 294 293 292 291 289 245 82
296 gey 451 417 340 318 313 295 294 293 292 291 290 248 165 83
297 ghi 610 418 124
298 gib 717 672 522 487 452 393 307 304 303 302 301 300 299 279 250 166 84
299 gid 889 673 488 453 419 342 308 304 303 302 301 300 298 291 280 251 167 85 18
300 gie 829 776 614 454 343 304 303 302 301 299 298 292 281 252 168
301 gig 904 858 674 615 489 394 304 303 302 300 299 298 282 253 169 86
302 gin 890 859 831 778 720 676 616 455 421 395 345 316 304 303 301 300 299 298 285 255 171 87 21
303 gip 905 891 779 721 677 617 525 456 422 346 320 304 302 301 300 299 298 286 172
304 git 861 807 781 724 619 526 458 423 348 317 311 303 302 301 300 299 298 295 289 257 173 90 24
305 gnu
306 goa 906 495 424 313 312 311 310 309 308 307 91
307 gob 729 678 528 496 459 396 349 313 312 311 310 309 308 306 298 279 262 125 92
308 god 892 782 730 680 623 529 497 350 313 312 311 310 309 307 306 299 291 280 126 93
309 goo 907 866 787 533 502 461 313 312 311 310 308 307 306 130 95
310 gor 789 534 504 426 313 312 311 309 308 307 306 287 268 180
311 got 869 790 735 682 628 568 536 505 463 399 354 317 313 312 310 309 308 307 306 304 295 289 182 133 98
312 gox 836 738 630 465 313 311 310 309 308 307 306 270 135 100
313 goy 792 739 401 356 318 312 311 310 309 308 307 306 296 290 271 136 101
314 gul 637 318 317 316 315 293 283
315 gum 746 687 509 467 361 319 318 317 316 314 294 284 142 106
316 gun 798 747 688 638 540 510 403 362 318 317 315 314 302 285 277 191 107
317 gut 800 689 642 581 542 512 405 364 318 316 315 314 311 304 295 289 145 110
318 guy 317 316 315 314 313 296 290 111
319 gym 320 315 294 284
320 gyp 365 319 303 286
321 had 839 751 694 647 588 471 431 350 342 331 330 329 328 327 326 325 324 323 322 280 233 148 115 68
322 hae 840 752 695 514 472 407 358 351 343 331 330 329 328 327 326 325 324 323 321 281
323 hag 899 841 753 696 648 515 473 432 384 359 352 331 330 329 328 327 326 325 324 322 321 282 234 149 69
324 hah 875 649 589 360 331 330 329 328 327 326 325 323 322 321 150 70 0
325 haj 754 650 331 330 329 328 327 326 324 323 322 321
326 ham 877 755 651 591 433 385 361 344 332 331 330 329 328 327 325 324 323 322 321 284 152 116
327 hap 900 878 843 758 698 653 593 516 475 434 365 363 353 346 334 331 330 329 328 326 325 324 323 322 321 286 153 118
328 has 845 819 760 654 595 477 436 408 347 336 331 330 329 327 326 325 324 323 322 321 288 237 74 2
329 hat 846 820 761 699 655 596 546 478 437 409 364 354 348 337 331 330 328 327 326 325 324 323 322 321 289 238 196 120 75
330 haw 880 847 823 764 701 656 597 479 438 387 355 338 331 329 328 327 326 325 324 323 322 321 154 121
331 hay 881 849 703 658 599 517 480 440 410 388 356 340 330 329 328 327 326 325 324 323 322 321 290 240 155 122 76
332 hem 665 482 361 344 340 339 338 337 336 335 334 333 326 294
333 hen 884 853 770 709 604 483 414 362 345 340 339 338 337 336 335 334 332 243 160 81
334 hep 885 666 605 415 365 363 353 346 340 339 338 337 336 335 333 332 327
335 her 710 606 340 339 338 337 336 334 333 332 244
336 hes 886 667 607 553 347 340 339 338 337 335 334 333 332 328 161
337 het 887 854 826 711 668 608 520 484 447 390 364 354 348 340 339 338 336 335 334 333 332 329 295 245 82
338 hew 888 771 712 609 521 485 392 355 340 339 337 336 335 334 333 332 330 247 163
339 hex 827 713 670 450 416 340 338 337 336 335 334 333 332 164
340 hey 451 417 356 339 338 337 336 335 334 333 332 331 296 248 165 83
341 hic 775 718 613 348 347 346 345 344 343 342
342 hid 889 673 488 453 419 350 348 347 346 345 344 343 341 321 299 251 167 85 18
343 hie 829 776 614 454 358 351 348 347 346 345 344 342 341 322 300 252 168
344 him 830 719 675 524 491 361 348 347 346 345 343 342 341 332 326 170 20
345 hin 890 859 831 778 720 676 616 455 421 395 362 348 347 346 344 343 342 341 333 302 255 171 87 21
346 hip 905 891 779 721 677 617 525 456 422 365 363 353 348 347 345 344 343 342 341 334 327 303 172
347 his 874 860 832 780 723 618 493 457 348 346 345 344 343 342 341 336 328 89 23
348 hit 861 807 781 724 619 526 458 423 364 354 347 346 345 344 343 342 341 337 329 304 257 173 90 24
349 hob 729 678 528 496 459 396 357 356 355 354 353 352 351 350 307 262 125 92
350 hod 892 782 730 680 623 529 497 356 355 354 353 352 351 349 342 321 308 126 93
351 hoe 863 833 783 681 397 358 356 355 354 353 352 350 349 343 322 263 175
352 hog 784 530 498 460 398 359 356 355 354 353 351 350 349 323 264 176 127 94
353 hop 867 788 733 627 503 462 425 365 363 356 355 354 352 351 350 349 346 334 327 267 131 96
354 hot 869 790 735 682 628 568 536 505 463 399 364 356 355 353 352 351 350 349 348 337 329 311 182 133 98
355 how 896 870 835 791 737 683 629 537 506 464 400 356 354 353 352 351 350 349 338 330 183 134 99
356 hoy 792 739 401 355 354 353 352 351 350 349 340 331 313 271 136 101
357 hub 795 744 684 634 539 364 363 362 361 360 359 358 349 274 185 139 103
358 hue 745 685 428 364 363 362 361 360 359 357 351 343 322 188 141
359 hug 837 796 686 636 508 466 402 364 363 362 361 360 358 357 352 323 276 189 105
360 huh 364 363 362 361 359 358 357 324
361 hum 746 687 509 467 364 363 362 360 359 358 357 344 332 326 315 142 106
362 hun 798 747 688 638 540 510 403 364 363 361 360 359 358 357 345 333 316 277 191 107
363 hup 898 799 748 639 365 364 362 361 360 359 358 357 353 346 334 327 193 143
364 hut 800 689 642 581 542 512 405 363 362 361 360 359 358 357 354 348 337 329 317 145 110
365 hyp 363 353 346 334 327 320
366 ice 378 368 367 6
367 ich 368 366
368 icy 382 367 366
369 ids 552 381 376 370 10
370 ifs 381 376 369 203
371 ilk 379 374 372 210
372 ill 371 211 28
373 imp 809 33
374 ink 379 376 375 371
375 inn 377 376 374
376 ins 810 566 381 375 374 370 369 219
377 ion 894 865 834 786 732 501 375 266 220 179 129
378 ire 575 379 366 222 44
379 irk 378 374 371 46
380 ism
381 its 817 376 370 369
382 ivy 368
383 jab 838 750 692 513 429 406 396 393 388 387 386 385 384 279 147 114
384 jag 899 841 753 696 648 515 473 432 402 398 394 388 387 386 385 383 323 282 234 149 69
385 jam 877 755 651 591 433 388 387 386 384 383 326 284 152 116
386 jar 879 844 759 594 545 476 435 388 387 385 384 383 287 236 195 119 73
387 jaw 880 847 823 764 701 656 597 479 438 400 392 388 386 385 384 383 330 154 121
388 jay 881 849 703 658 599 517 480 440 410 401 387 386 385 384 383 331 290 240 155 122 76
389 jee 903 852 824 768 706 662 602 519 443 397 392 391 390 292 242 157 123 78
390 jet 887 854 826 711 668 608 520 484 447 405 399 392 391 389 337 295 245 82
391 jeu 448 392 390 389 246
392 jew 888 771 712 609 521 485 400 391 390 389 387 338 247 163
393 jib 717 672 522 487 452 396 395 394 383 298 250 166 84
394 jig 904 858 674 615 489 402 398 395 393 384 301 253 169 86
395 jin 890 859 831 778 720 676 616 455 421 403 394 393 345 302 255 171 87 21
396 job 729 678 528 496 459 401 400 399 398 397 393 383 349 307 262 125 92
397 joe 863 833 783 681 401 400 399 398 396 389 351 263 175
398 jog 784 530 498 460 402 401 400 399 397 396 394 384 352 264 176 127 94
399 jot 869 790 735 682 628 568 536 505 463 405 401 400 398 397 396 390 354 311 182 133 98
400 jow 896 870 835 791 737 683 629 537 506 464 401 399 398 397 396 392 387 355 183 134 99
401 joy 792 739 400 399 398 397 396 388 356 313 271 136 101
402 jug 837 796 686 636 508 466 405 404 403 398 394 384 359 276 189 105
403 jun 798 747 688 638 540 510 405 404 402 395 362 316 277 191 107
404 jus 641 541 511 405 403 402 109
405 jut 800 689 642 581 542 512 404 403 402 399 390 364 317 145 110
406 kab 838 750 692 513 429 410 409 408 407 383 279 147 114
407 kae 840 752 695 514 472 428 410 409 408 406 322 281
408 kas 845 819 760 654 595 477 436 427 410 409 407 406 328 288 237 74 2
409 kat 846 820 761 699 655 596 546 478 437 423 410 408 407 406 329 289 238 196 120 75
410 kay 881 849 703 658 599 517 480 440 417 409 408 407 406 388 331 290 240 155 122 76
411 kea 882 766 704 600 441 424 417 416 415 414 413 412
412 kef 663 420 417 416 415 414 413 411
413 keg 825 769 603 444 417 416 415 414 412 411 79
414 ken 884 853 770 709 604 483 421 417 416 415 413 412 411 333 243 160 81
415 kep 885 666 605 425 422 417 416 414 413 412 411 334
416 kex 827 713 670 450 417 415 414 413 412 411 339 164
417 key 451 416 415 414 413 412 411 410 340 296 248 165 83
418 khi 610 297 124
419 kid 889 673 488 453 423 422 421 420 342 299 251 167 85 18
420 kif 423 422 421 419 412
421 kin 890 859 831 778 720 676 616 455 423 422 420 419 414 395 345 302 255 171 87 21
422 kip 905 891 779 721 677 617 525 456 425 423 421 420 419 415 346 303 172
423 kit 861 807 781 724 619 526 458 422 421 420 419 409 348 304 257 173 90 24
424 koa 906 495 427 426 425 411 306 91
425 kop 867 788 733 627 503 462 427 426 424 422 415 353 267 131 96
426 kor 789 534 504 427 425 424 310 268 180
427 kos 868 734 535 426 425 424 408 181 132 97
428 kue 745 685 407 358 188 141
429 lab 838 750 692 513 459 452 440 439 438 437 436 435 434 433 432 431 430 406 383 279 147 114
430 lac 693 587 470 440 439 438 437 436 435 434 433 432 431 429
431 lad 839 751 694 647 588 471 453 442 440 439 438 437 436 435 434 433 432 430 429 321 280 233 148 115 68
432 lag 899 841 753 696 648 515 473 466 460 444 440 439 438 437 436 435 434 433 431 430 429 384 323 282 234 149 69
433 lam 877 755 651 591 467 440 439 438 437 436 435 434 432 431 430 429 385 326 284 152 116
434 lap 900 878 843 758 698 653 593 516 475 462 456 440 439 438 437 436 435 433 432 431 430 429 327 286 153 118
435 lar 879 844 759 594 545 476 440 439 438 437 436 434 433 432 431 430 429 386 287 236 195 119 73
436 las 845 819 760 654 595 477 457 440 439 438 437 435 434 433 432 431 430 429 408 328 288 237 74 2
437 lat 846 820 761 699 655 596 546 478 463 458 447 440 439 438 436 435 434 433 432 431 430 429 409 329 289 238 196 120 75
438 law 880 847 823 764 701 656 597 479 464 440 439 437 436 435 434 433 432 431 430 429 387 330 154 121
439 lax 901 848 765 702 657 598 468 465 450 440 438 437 436 435 434 433 432 431 430 429 239
440 lay 881 849 703 658 599 517 480 451 439 438 437 436 435 434 433 432 431 430 429 410 388 331 290 240 155 122 76
441 lea 882 766 704 600 451 450 449 448 447 446 445 444 443 442 411
442 led 902 851 767 661 601 453 451 450 449 448 447 446 445 444 443 441 431 291 241 77
443 lee 903 852 824 768 706 662 602 519 469 454 451 450 449 448 447 446 445 444 442 441 389 292 242 157 123 78
444 leg 825 769 603 466 460 451 450 449 448 447 446 445 443 442 441 432 413 79
445 lei 707 664 451 450 449 448 447 446 444 443 442 441 158
446 lek 451 450 449 448 447 445 444 443 442 441
447 let 887 854 826 711 668 608 520 484 463 458 451 450 449 448 446 445 444 443 442 441 437 390 337 295 245 82
448 leu 451 450 449 447 446 445 444 443 442 441 391 246
449 lev 669 451 450 448 447 446 445 444 443 442 441 162
450 lex 827 713 670 468 465 451 449 448 447 446 445 444 443 442 441 439 416 339 164
451 ley 450 449 448 447 446 445 444 443 442 441 440 417 340 296 248 165 83
452 lib 717 672 522 487 459 458 457 456 455 454 453 429 393 298 250 166 84
453 lid 889 673 488 458 457 456 455 454 452 442 431 419 342 299 251 167 85 18
454 lie 829 776 614 469 458 457 456 455 453 452 443 343 300 252 168
455 lin 890 859 831 778 720 676 616 458 457 456 454 453 452 421 395 345 302 255 171 87 21
456 lip 905 891 779 721 677 617 525 462 458 457 455 454 453 452 434 422 346 303 172
457 lis 874 860 832 780 723 618 493 458 456 455 454 453 452 436 347 89 23
458 lit 861 807 781 724 619 526 463 457 456 455 454 453 452 447 437 423 348 304 257 173 90 24
459 lob 729 678 528 496 465 464 463 462 461 460 452 429 396 349 307 262 125 92
460 log 784 530 498 466 465 464 463 462 461 459 444 432 398 352 264 176 127 94
461 loo 907 866 787 533 502 465 464 463 462 460 459 309 130 95
462 lop 867 788 733 627 503 465 464 463 461 460 459 456 434 425 353 267 131 96
463 lot 869 790 735 682 628 568 536 505 465 464 462 461 460 459 458 447 437 399 354 311 182 133 98
464 low 896 870 835 791 737 683 629 537 506 465 463 462 461 460 459 438 400 355 183 134 99
465 lox 836 738 630 468 464 463 462 461 460 459 450 439 312 270 135 100
466 lug 837 796 686 636 508 468 467 460 444 432 402 359 276 189 105
467 lum 746 687 509 468 466 433 361 315 142 106
468 lux 801 467 466 465 450 439
469 lye 873 804 691 644 454 443 232 194 112 64
470 mac 693 587 480 479 478 477 476 475 474 473 472 471 430
471 mad 839 751 694 647 588 507 497 488 480 479 478 477 476 475 474 473 472 470 431 321 280 233 148 115 68
472 mae 840 752 695 514 480 479 478 477 476 475 474 473 471 470 407 322 281
473 mag 899 841 753 696 648 515 508 498 489 480 479 478 477 476 475 474 472 471 470 432 384 323 282 234 149 69
474 man 842 818 756 652 592 510 501 483 480 479 478 477 476 475 473 472 471 470 285 235 117 72
475 map 900 878 843 758 698 653 593 516 503 480 479 478 477 476 474 473 472 471 470 434 327 286 153 118
476 mar 879 844 759 594 545 504 492 480 479 478 477 475 474 473 472 471 470 435 386 287 236 195 119 73
477 mas 845 819 760 654 595 511 493 480 479 478 476 475 474 473 472 471 470 436 408 328 288 237 74 2
478 mat 846 820 761 699 655 596 546 512 505 484 480 479 477 476 475 474 473 472 471 470 437 409 329 289 238 196 120 75
479 maw 880 847 823 764 701 656 597 506 485 480 478 477 476 475 474 473 472 471 470 438 387 330 154 121
480 may 881 849 703 658 599 517 479 478 477 476 475 474 473 472 471 470 440 410 388 331 290 240 155 122 76
481 mel 708 499 490 485 484 483 482 293 201 159 80
482 mem 665 509 500 491 485 484 483 481 332 294
483 men 884 853 770 709 604 510 501 485 484 482 481 474 414 333 243 160 81
484 met 887 854 826 711 668 608 520 512 505 485 483 482 481 478 447 390 337 295 245 82
485 mew 888 771 712 609 521 506 484 483 482 481 479 392 338 247 163
486 mho 856 773 671 557 502
487 mib 717 672 522 496 494 493 492 491 490 489 488 452 393 298 250 166 84
488 mid 889 673 507 497 494 493 492 491 490 489 487 471 453 419 342 299 251 167 85 18
489 mig 904 858 674 615 508 498 494 493 492 491 490 488 487 473 394 301 253 169 86
490 mil 777 559 523 499 494 493 492 491 489 488 487 481 254 19
491 mim 830 719 675 524 509 500 494 493 492 490 489 488 487 482 344 170 20
492 mir 722 504 494 493 491 490 489 488 487 476 256 22
493 mis 874 860 832 780 723 618 511 494 492 491 490 489 488 487 477 457 347 89 23
494 mix 725 621 527 493 492 491 490 489 488 487 258
495 moa 906 506 505 504 503 502 501 500 499 498 497 496 424 306 91
496 mob 729 678 528 506 505 504 503 502 501 500 499 498 497 495 487 459 396 349 307 262 125 92
497 mod 892 782 730 680 623 529 507 506 505 504 503 502 501 500 499 498 496 495 488 471 350 308 126 93
498 mog 784 530 508 506 505 504 503 502 501 500 499 497 496 495 489 473 460 398 352 264 176 127 94
499 mol 731 626 506 505 504 503 502 501 500 498 497 496 495 490 481 177 128
500 mom 893 785 532 509 506 505 504 503 502 501 499 498 497 496 495 491 482 178
501 mon 894 865 834 786 732 510 506 505 504 503 502 500 499 498 497 496 495 483 474 377 266 220 179 129
502 moo 907 866 787 533 506 505 504 503 501 500 499 498 497 496 495 486 461 309 130 95
503 mop 867 788 733 627 506 505 504 502 501 500 499 498 497 496 495 475 462 425 353 267 131 96
504 mor 789 534 506 505 503 502 501 500 499 498 497 496 495 492 476 426 310 268 180
505 mot 869 790 735 682 628 568 536 512 506 504 503 502 501 500 499 498 497 496 495 484 478 463 399 354 311 182 133 98
506 mow 896 870 835 791 737 683 629 537 505 504 503 502 501 500 499 498 497 496 495 485 479 464 400 355 183 134 99
507 mud 872 635 579 512 511 510 509 508 497 488 471 275 187 140 104
508 mug 837 796 686 636 512 511 510 509 507 498 489 473 466 402 359 276 189 105
509 mum 746 687 512 511 510 508 507 500 491 482 467 361 315 142 106
510 mun 798 747 688 638 540 512 511 509 508 507 501 483 474 403 362 316 277 191 107
511 mus 641 541 512 510 509 508 507 493 477 404 109
512 mut 800 689 642 581 542 511 510 509 508 507 505 484 478 405 364 317 145 110
513 nab 838 750 692 539 528 522 518 517 516 515 514 429 406 383 279 147 114
514 nae 840 752 695 519 517 516 515 513 472 407 322 281
515 nag 899 841 753 696 648 530 517 516 514 513 473 432 384 323 282 234 149 69
516 nap 900 878 843 758 698 653 593 525 517 515 514 513 475 434 327 286 153 118
517 nay 881 849 703 658 599 516 515 514 513 480 440 410 388 331 290 240 155 122 76
518 neb 850 659 539 528 522 521 520 519 513 156
519 nee 903 852 824 768 706 662 602 521 520 518 514 443 389 292 242 157 123 78
520 net 887 854 826 711 668 608 542 536 526 521 519 518 484 447 390 337 295 245 82
521 new 888 771 712 609 537 520 519 518 485 392 338 247 163
522 nib 717 672 539 528 527 526 525 524 523 518 513 487 452 393 298 250 166 84
523 nil 777 559 527 526 525 524 522 490 254 19
524 nim 830 719 675 532 527 526 525 523 522 491 344 170 20
525 nip 905 891 779 721 677 617 527 526 524 523 522 516 456 422 346 303 172
526 nit 861 807 781 724 619 542 536 527 525 524 523 522 520 458 423 348 304 257 173 90 24
527 nix 725 621 526 525 524 523 522 494 258
528 nob 729 678 539 537 536 535 534 533 532 531 530 529 522 518 513 496 459 396 349 307 262 125 92
529 nod 892 782 730 680 623 537 536 535 534 533 532 531 530 528 497 350 308 126 93
530 nog 784 537 536 535 534 533 532 531 529 528 515 498 460 398 352 264 176 127 94
531 noh 624 567 538 537 536 535 534 533 532 530 529 528 265
532 nom 893 785 537 536 535 534 533 531 530 529 528 524 500 178
533 noo 907 866 787 537 536 535 534 532 531 530 529 528 502 461 309 130 95
534 nor 789 537 536 535 533 532 531 530 529 528 504 426 310 268 180
535 nos 868 734 541 537 536 534 533 532 531 530 529 528 427 181 132 97
536 not 869 790 735 682 628 568 542 537 535 534 533 532 531 530 529 528 526 520 505 463 399 354 311 182 133 98
537 now 896 870 835 791 737 683 629 536 535 534 533 532 531 530 529 528 521 506 464 400 355 183 134 99
538 nth 531 229
539 nub 795 744 684 634 542 541 540 528 522 518 513 357 274 185 139 103
540 nun 798 747 688 638 542 541 539 510 403 362 316 277 191 107
541 nus 641 542 540 539 535 511 404 109
542 nut 800 689 642 581 541 540 539 536 526 520 512 405 364 317 145 110
543 oaf 554 546 545 544
544 oak 876 546 545 543 151
545 oar 879 844 759 594 580 546 544 543 476 435 386 287 236 195 119 73
546 oat 846 820 761 699 655 596 581 577 571 568 555 545 544 543 478 437 409 329 289 238 196 120 75
547 obe 583 578 575 569 565 563 561 551 548
548 obi 547
549 oca 582 572 560
550 odd 579 562 552 551 8
551 ode 583 578 575 569 565 563 561 552 550 547
552 ods 576 570 566 564 558 553 551 550 369 10
553 oes 886 667 607 576 570 566 564 558 552 336 161
554 off 555 543 202 12
555 oft 581 577 571 568 554 546 204 13
556 ohm 558 557
557 oho 856 773 671 558 556 486
558 ohs 576 570 566 564 557 556 553 552
559 oil 777 584 523 490 254 19
560 oka 582 572 561 549
561 oke 808 583 578 575 569 565 563 560 551 547 207
562 old 579 563 550 208
563 ole 583 578 575 569 565 562 561 551 547 27
564 oms 576 570 566 558 553 552 215
565 one 583 578 575 569 566 563 561 551 547 37
566 ons 810 576 570 565 564 558 553 552 376 219
567 ooh 624 568 531 265
568 oot 869 790 735 682 628 581 577 571 567 555 546 536 505 463 399 354 311 182 133 98
569 ope 583 578 575 571 570 565 563 561 551 547 41
570 ops 812 576 571 569 566 564 558 553 552
571 opt 581 577 570 569 568 555 546 42
572 ora 582 577 576 575 574 573 560 549 221 102
573 orb 577 576 575 574 572
574 orc 577 576 575 573 572 43
575 ore 583 578 577 576 574 573 572 569 565 563 561 551 547 378 222 44
576 ors 577 575 574 573 572 570 566 564 558 553 552 226 48
577 ort 581 576 575 574 573 572 571 568 555 546 49
578 ose 815 583 575 569 565 563 561 551 547
579 oud 872 635 581 580 562 550 507 275 187 140 104
580 our 640 581 579 545 278 144 108
581 out 800 689 642 580 579 577 571 568 555 546 542 512 405 364 317 145 110
582 ova 572 560 549 56
583 owe 585 584 578 575 569 565 563 561 551 547 231 60
584 owl 585 583 559 61
585 own 584 583 62
586 oxy
587 pac 693 613 599 598 597 596 595 594 593 592 591 590 589 588 470 430
588 pad 839 751 694 647 635 623 601 599 598 597 596 595 594 593 592 591 590 589 587 471 431 321 280 233 148 115 68
589 pah 875 649 624 599 598 597 596 595 594 593 592 591 590 588 587 324 150 70 0
590 pal 697 637 626 599 598 597 596 595 594 593 592 591 589 588 587 283 71 1
591 pam 877 755 651 599 598 597 596 595 594 593 592 590 589 588 587 433 385 326 284 152 116
592 pan 842 818 756 652 638 616 604 599 598 597 596 595 594 593 591 590 589 588 587 474 285 235 117 72
593 pap 900 878 843 758 698 653 639 627 617 605 599 598 597 596 595 594 592 591 590 589 588 587 516 475 434 327 286 153 118
594 par 879 844 759 640 606 599 598 597 596 595 593 592 591 590 589 588 587 545 476 435 386 287 236 195 119 73
595 pas 845 819 760 654 641 618 607 599 598 597 596 594 593 592 591 590 589 588 587 477 436 408 328 288 237 74 2
596 pat 846 820 761 699 655 642 628 619 611 608 599 598 597 595 594 593 592 591 590 589 588 587 546 478 437 409 329 289 238 196 120 75
597 paw 880 847 823 764 701 656 629 609 599 598 596 595 594 593 592 591 590 589 588 587 479 438 387 330 154 121
598 pax 901 848 765 702 657 645 630 621 599 597 596 595 594 593 592 591 590 589 588 587 439 239
599 pay 881 849 703 658 632 622 598 597 596 595 594 593 592 591 590 589 588 587 517 480 440 410 388 331 290 240 155 122 76
600 pea 882 766 704 643 612 609 608 607 606 605 604 603 602 601 441 411
601 ped 902 851 767 661 635 623 609 608 607 606 605 604 603 602 600 588 442 291 241 77
602 pee 903 852 824 768 706 662 644 614 609 608 607 606 605 604 603 601 600 519 443 389 292 242 157 123 78
603 peg 825 769 636 615 609 608 607 606 605 604 602 601 600 444 413 79
604 pen 884 853 770 709 638 616 609 608 607 606 605 603 602 601 600 592 483 414 333 243 160 81
605 pep 885 666 639 627 617 609 608 607 606 604 603 602 601 600 593 415 334
606 per 710 640 609 608 607 605 604 603 602 601 600 594 335 244
607 pes 886 667 641 618 609 608 606 605 604 603 602 601 600 595 553 336 161
608 pet 887 854 826 711 668 642 628 619 611 609 607 606 605 604 603 602 601 600 596 520 484 447 390 337 295 245 82
609 pew 888 771 712 629 608 607 606 605 604 603 602 601 600 597 521 485 392 338 247 163
610 phi 633 625 611 418 297 124
611 pht 642 628 619 610 608 596
612 pia 828 643 621 620 619 618 617 616 615 614 613 600
613 pic 775 718 621 620 619 618 617 616 615 614 612 587 341
614 pie 829 776 644 621 620 619 618 617 616 615 613 612 602 454 343 300 252 168
615 pig 904 858 674 636 621 620 619 618 617 616 614 613 612 603 489 394 301 253 169 86
616 pin 890 859 831 778 720 676 638 621 620 619 618 617 615 614 613 612 604 592 455 421 395 345 302 255 171 87 21
617 pip 905 891 779 721 677 639 627 621 620 619 618 616 615 614 613 612 605 593 525 456 422 346 303 172
618 pis 874 860 832 780 723 641 621 620 619 617 616 615 614 613 612 607 595 493 457 347 89 23
619 pit 861 807 781 724 642 628 621 620 618 617 616 615 614 613 612 611 608 596 526 458 423 348 304 257 173 90 24
620 piu 621 619 618 617 616 615 614 613 612
621 pix 725 645 630 620 619 618 617 616 615 614 613 612 598 527 494 258
622 ply 728 632 599 261
623 pod 892 782 730 680 635 630 629 628 627 626 625 624 601 588 529 497 350 308 126 93
624 poh 630 629 628 627 626 625 623 589 567 531 265
625 poi 633 630 629 628 627 626 624 623 610
626 pol 731 637 630 629 628 627 625 624 623 590 499 177 128
627 pop 867 788 733 639 630 629 628 626 625 624 623 617 605 593 503 462 425 353 267 131 96
628 pot 869 790 735 682 642 630 629 627 626 625 624 623 619 611 608 596 568 536 505 463 399 354 311 182 133 98
629 pow 896 870 835 791 737 683 630 628 627 626 625 624 623 609 597 537 506 464 400 355 183 134 99
630 pox 836 738 645 629 628 627 626 625 624 623 621 598 465 312 270 135 100
631 pro 632 272
632 pry 871 793 631 622 599 273 184 138
633 psi 625 610
634 pub 795 744 684 642 641 640 639 638 637 636 635 539 357 274 185 139 103
635 pud 872 642 641 640 639 638 637 636 634 623 601 588 579 507 275 187 140 104
636 pug 837 796 686 642 641 640 639 638 637 635 634 615 603 508 466 402 359 276 189 105
637 pul 642 641 640 639 638 636 635 634 626 590 314
638 pun 798 747 688 642 641 640 639 637 636 635 634 616 604 592 540 510 403 362 316 277 191 107
639 pup 898 799 748 642 641 640 638 637 636 635 634 627 617 605 593 363 193 143
640 pur 642 641 639 638 637 636 635 634 606 594 580 278 144 108
641 pus 642 640 639 638 637 636 635 634 618 607 595 541 511 404 109
642 put 800 689 641 640 639 638 637 636 635 634 628 619 611 608 596 581 542 512 405 364 317 145 110
643 pya 690 645 644 612 600
644 pye 873 804 691 645 643 614 602 469 232 194 112 64
645 pyx 644 643 630 621 598
646 qua
647 rad 839 751 694 680 673 661 658 657 656 655 654 653 652 651 650 649 648 588 471 431 321 280 233 148 115 68
648 rag 899 841 753 696 686 674 658 657 656 655 654 653 652 651 650 649 647 515 473 432 384 323 282 234 149 69
649 rah 875 658 657 656 655 654 653 652 651 650 648 647 589 324 150 70 0
650 raj 754 658 657 656 655 654 653 652 651 649 648 647 325
651 ram 877 755 687 675 665 658 657 656 655 654 653 652 650 649 648 647 591 433 385 326 284 152 116
652 ran 842 818 756 688 676 658 657 656 655 654 653 651 650 649 648 647 592 474 285 235 117 72
653 rap 900 878 843 758 698 677 666 658 657 656 655 654 652 651 650 649 648 647 593 516 475 434 327 286 153 118
654 ras 845 819 760 667 658 657 656 655 653 652 651 650 649 648 647 595 477 436 408 328 288 237 74 2
655 rat 846 820 761 699 689 682 668 658 657 656 654 653 652 651 650 649 648 647 596 546 478 437 409 329 289 238 196 120 75
656 raw 880 847 823 764 701 683 658 657 655 654 653 652 651 650 649 648 647 597 479 438 387 330 154 121
657 rax 901 848 765 702 670 658 656 655 654 653 652 651 650 649 648 647 598 439 239
658 ray 881 849 703 657 656 655 654 653 652 651 650 649 648 647 599 517 480 440 410 388 331 290 240 155 122 76
659 reb 850 684 678 672 670 669 668 667 666 665 664 663 662 661 660 518 156
660 rec 705 679 670 669 668 667 666 665 664 663 662 661 659
661 red 902 851 767 680 673 670 669 668 667 666 665 664 663 662 660 659 647 601 442 291 241 77
662 ree 903 852 824 768 706 691 685 681 670 669 668 667 666 665 664 663 661 660 659 602 519 443 389 292 242 157 123 78
663 ref 670 669 668 667 666 665 664 662 661 660 659 412
664 rei 707 670 669 668 667 666 665 663 662 661 660 659 445 158
665 rem 687 675 670 669 668 667 666 664 663 662 661 660 659 651 482 332 294
666 rep 885 677 670 669 668 667 665 664 663 662 661 660 659 653 605 415 334
667 res 886 670 669 668 666 665 664 663 662 661 660 659 654 607 553 336 161
668 ret 887 854 826 711 689 682 670 669 667 666 665 664 663 662 661 660 659 655 608 520 484 447 390 337 295 245 82
669 rev 670 668 667 666 665 664 663 662 661 660 659 449 162
670 rex 827 713 669 668 667 666 665 664 663 662 661 660 659 657 450 416 339 164
671 rho 856 773 557 486
672 rib 717 684 678 677 676 675 674 673 659 522 487 452 393 298 250 166 84
673 rid 889 680 677 676 675 674 672 661 647 488 453 419 342 299 251 167 85 18
674 rig 904 858 686 677 676 675 673 672 648 615 489 394 301 253 169 86
675 rim 830 719 687 677 676 674 673 672 665 651 524 491 344 170 20
676 rin 890 859 831 778 720 688 677 675 674 673 672 652 616 455 421 395 345 302 255 171 87 21
677 rip 905 891 779 721 676 675 674 673 672 666 653 617 525 456 422 346 303 172
678 rob 729 684 683 682 681 680 679 672 659 528 496 459 396 349 307 262 125 92
679 roc 683 682 681 680 678 660 174
680 rod 892 782 730 683 682 681 679 678 673 661 647 623 529 497 350 308 126 93
681 roe 863 833 783 691 685 683 682 680 679 678 662 397 351 263 175
682 rot 869 790 735 689 683 681 680 679 678 668 655 628 568 536 505 463 399 354 311 182 133 98
683 row 896 870 835 791 737 682 681 680 679 678 656 629 537 506 464 400 355 183 134 99
684 rub 795 744 689 688 687 686 685 678 672 659 634 539 357 274 185 139 103
685 rue 745 691 689 688 687 686 684 681 662 428 358 188 141
686 rug 837 796 689 688 687 685 684 674 648 636 508 466 402 359 276 189 105
687 rum 746 689 688 686 685 684 675 665 651 509 467 361 315 142 106
688 run 798 747 689 687 686 685 684 676 652 638 540 510 403 362 316 277 191 107
689 rut 800 688 687 686 685 684 682 668 655 642 581 542 512 405 364 317 145 110
690 rya 691 643
691 rye 873 804 690 685 681 662 644 469 232 194 112 64
692 sab 838 750 744 729 717 703 702 701 700 699 698 697 696 695 694 693 513 429 406 383 279 147 114
693 sac 718 705 703 702 701 700 699 698 697 696 695 694 692 587 470 430
694 sad 839 751 730 703 702 701 700 699 698 697 696 695 693 692 647 588 471 431 321 280 233 148 115 68
695 sae 840 752 745 714 706 703 702 701 700 699 698 697 696 694 693 692 514 472 407 322 281
696 sag 899 841 753 703 702 701 700 699 698 697 695 694 693 692 648 515 473 432 384 323 282 234 149 69
697 sal 731 708 703 702 701 700 699 698 696 695 694 693 692 590 283 71 1
698 sap 900 878 843 758 748 733 721 703 702 701 700 699 697 696 695 694 693 692 653 593 516 475 434 327 286 153 118
699 sat 846 820 761 735 724 711 703 702 701 700 698 697 696 695 694 693 692 655 596 546 478 437 409 329 289 238 196 120 75
700 sau 821 762 736 703 702 701 699 698 697 696 695 694 693 692 197
701 saw 880 847 823 764 737 712 703 702 700 699 698 697 696 695 694 693 692 656 597 479 438 387 330 154 121
702 sax 901 848 765 738 725 713 703 701 700 699 698 697 696 695 694 693 692 657 598 439 239
703 say 881 849 743 741 739 728 727 716 702 701 700 699 698 697 696 695 694 693 692 658 599 517 480 440 410 388 331 290 240 155 122 76
704 sea 882 766 740 713 712 711 710 709 708 707 706 705 600 441 411
705 sec 718 713 712 711 710 709 708 707 706 704 693 660
706 see 903 852 824 768 745 714 713 712 711 710 709 708 707 705 704 695 662 602 519 443 389 292 242 157 123 78
707 sei 742 726 713 712 711 710 709 708 706 705 704 664 445 158
708 sel 731 713 712 711 710 709 707 706 705 704 697 481 293 201 159 80
709 sen 884 853 770 749 747 732 720 713 712 711 710 708 707 706 705 704 604 483 414 333 243 160 81
710 ser 722 713 712 711 709 708 707 706 705 704 606 335 244
711 set 887 854 826 735 724 713 712 710 709 708 707 706 705 704 699 668 608 520 484 447 390 337 295 245 82
712 sew 888 771 737 713 711 710 709 708 707 706 705 704 701 609 521 485 392 338 247 163
713 sex 827 738 725 712 711 710 709 708 707 706 705 704 702 670 450 416 339 164
714 she 772 745 716 715 706 695
715 shh 716 714
716 shy 857 774 743 741 739 728 727 715 714 703
717 sib 744 729 725 724 723 722 721 720 719 718 692 672 522 487 452 393 298 250 166 84
718 sic 775 725 724 723 722 721 720 719 717 705 693 613 341
719 sim 830 746 725 724 723 722 721 720 718 717 675 524 491 344 170 20
720 sin 890 859 831 778 749 747 732 725 724 723 722 721 719 718 717 709 676 616 455 421 395 345 302 255 171 87 21
721 sip 905 891 779 748 733 725 724 723 722 720 719 718 717 698 677 617 525 456 422 346 303 172
722 sir 725 724 723 721 720 719 718 717 710 492 256 22
723 sis 874 860 832 780 734 725 724 722 721 720 719 718 717 618 493 457 347 89 23
724 sit 861 807 781 735 725 723 722 721 720 719 718 717 711 699 619 526 458 423 348 304 257 173 90 24
725 six 738 724 723 722 721 720 719 718 717 713 702 621 527 494 258
726 ski 742 727 707
727 sky 743 741 739 728 726 716 703
728 sly 743 741 739 727 716 703 622 261
729 sob 744 739 738 737 736 735 734 733 732 731 730 717 692 678 528 496 459 396 349 307 262 125 92
730 sod 892 782 739 738 737 736 735 734 733 732 731 729 694 680 623 529 497 350 308 126 93
731 sol 739 738 737 736 735 734 733 732 730 729 708 697 626 499 177 128
732 son 894 865 834 786 749 747 739 738 737 736 735 734 733 731 730 729 720 709 501 377 266 220 179 129
733 sop 867 788 748 739 738 737 736 735 734 732 731 730 729 721 698 627 503 462 425 353 267 131 96
734 sos 868 739 738 737 736 735 733 732 731 730 729 723 535 427 181 132 97
735 sot 869 790 739 738 737 736 734 733 732 731 730 729 724 711 699 682 628 568 536 505 463 399 354 311 182 133 98
736 sou 895 739 738 737 735 734 733 732 731 730 729 700 269
737 sow 896 870 835 791 739 738 736 735 734 733 732 731 730 729 712 701 683 629 537 506 464 400 355 183 134 99
738 sox 836 739 737 736 735 734 733 732 731 730 729 725 713 702 630 465 312 270 135 100
739 soy 792 743 741 738 737 736 735 734 733 732 731 730 729 728 727 716 703 401 356 313 271 136 101
740 spa 741 704
741 spy 743 740 739 728 727 716 703
742 sri 726 707
743 sty 741 739 728 727 716 703
744 sub 795 748 747 746 745 729 717 692 684 634 539 357 274 185 139 103
745 sue 748 747 746 744 714 706 695 685 428 358 188 141
746 sum 748 747 745 744 719 687 509 467 361 315 142 106
747 sun 798 749 748 746 745 744 732 720 709 688 638 540 510 403 362 316 277 191 107
748 sup 898 799 747 746 745 744 733 721 698 639 363 193 143
749 syn 747 732 720 709
750 tab 838 795 765 764 763 762 761 760 759 758 757 756 755 754 753 752 751 692 513 429 406 383 279 147 114
751 tad 839 782 767 765 764 763 762 761 760 759 758 757 756 755 754 753 752 750 694 647 588 471 431 321 280 233 148 115 68
752 tae 840 804 783 776 772 768 765 764 763 762 761 760 759 758 757 756 755 754 753 751 750 695 514 472 407 322 281
753 tag 899 841 796 784 769 765 764 763 762 761 760 759 758 757 756 755 754 752 751 750 696 648 515 473 432 384 323 282 234 149 69
754 taj 765 764 763 762 761 760 759 758 757 756 755 753 752 751 750 650 325
755 tam 877 785 765 764 763 762 761 760 759 758 757 756 754 753 752 751 750 651 591 433 385 326 284 152 116
756 tan 842 818 798 786 778 770 765 764 763 762 761 760 759 758 757 755 754 753 752 751 750 652 592 474 285 235 117 72
757 tao 803 787 773 765 764 763 762 761 760 759 758 756 755 754 753 752 751 750
758 tap 900 878 843 799 788 779 765 764 763 762 761 760 759 757 756 755 754 753 752 751 750 698 653 593 516 475 434 327 286 153 118
759 tar 879 844 789 765 764 763 762 761 760 758 757 756 755 754 753 752 751 750 594 545 476 435 386 287 236 195 119 73
760 tas 845 819 780 765 764 763 762 761 759 758 757 756 755 754 753 752 751 750 654 595 477 436 408 328 288 237 74 2
761 tat 846 820 800 790 781 765 764 763 762 760 759 758 757 756 755 754 753 752 751 750 699 655 596 546 478 437 409 329 289 238 196 120 75
762 tau 821 765 764 763 761 760 759 758 757 756 755 754 753 752 751 750 700 197
763 tav 822 765 764 762 761 760 759 758 757 756 755 754 753 752 751 750
764 taw 880 847 823 791 771 765 763 762 761 760 759 758 757 756 755 754 753 752 751 750 701 656 597 479 438 387 330 154 121
765 tax 901 848 801 764 763 762 761 760 759 758 757 756 755 754 753 752 751 750 702 657 598 439 239
766 tea 882 802 771 770 769 768 767 704 600 441 411
767 ted 902 851 782 771 770 769 768 766 751 661 601 442 291 241 77
768 tee 903 852 824 804 783 776 772 771 770 769 767 766 752 706 662 602 519 443 389 292 242 157 123 78
769 teg 825 796 784 771 770 768 767 766 753 603 444 413 79
770 ten 884 853 798 786 778 771 769 768 767 766 756 709 604 483 414 333 243 160 81
771 tew 888 791 770 769 768 767 766 764 712 609 521 485 392 338 247 163
772 the 804 783 776 774 773 768 752 714
773 tho 856 803 787 774 772 757 671 557 486
774 thy 857 793 792 773 772 716
775 tic 781 780 779 778 777 776 718 613 341
776 tie 829 804 783 781 780 779 778 777 775 772 768 752 614 454 343 300 252 168
777 til 781 780 779 778 776 775 559 523 490 254 19
778 tin 890 859 831 798 786 781 780 779 777 776 775 770 756 720 676 616 455 421 395 345 302 255 171 87 21
779 tip 905 891 799 788 781 780 778 777 776 775 758 721 677 617 525 456 422 346 303 172
780 tis 874 860 832 781 779 778 777 776 775 760 723 618 493 457 347 89 23
781 tit 861 807 800 790 780 779 778 777 776 775 761 724 619 526 458 423 348 304 257 173 90 24
782 tod 892 792 791 790 789 788 787 786 785 784 783 767 751 730 680 623 529 497 350 308 126 93
783 toe 863 833 804 792 791 790 789 788 787 786 785 784 782 776 772 768 752 681 397 351 263 175
784 tog 796 792 791 790 789 788 787 786 785 783 782 769 753 530 498 460 398 352 264 176 127 94
785 tom 893 792 791 790 789 788 787 786 784 783 782 755 532 500 178
786 ton 894 865 834 798 792 791 790 789 788 787 785 784 783 782 778 770 756 732 501 377 266 220 179 129
787 too 907 866 803 792 791 790 789 788 786 785 784 783 782 773 757 533 502 461 309 130 95
788 top 867 799 792 791 790 789 787 786 785 784 783 782 779 758 733 627 503 462 425 353 267 131 96
789 tor 792 791 790 788 787 786 785 784 783 782 759 534 504 426 310 268 180
790 tot 869 800 792 791 789 788 787 786 785 784 783 782 781 761 735 682 628 568 536 505 463 399 354 311 182 133 98
791 tow 896 870 835 792 790 789 788 787 786 785 784 783 782 771 764 737 683 629 537 506 464 400 355 183 134 99
792 toy 793 791 790 789 788 787 786 785 784 783 782 774 739 401 356 313 271 136 101
793 try 871 792 774 632 273 184 138
794 tsk 51
795 tub 801 800 799 798 797 796 750 744 684 634 539 357 274 185 139 103
796 tug 837 801 800 799 798 797 795 784 769 753 686 636 508 466 402 359 276 189 105
797 tui 801 800 799 798 796 795 190
798 tun 801 800 799 797 796 795 786 778 770 756 747 688 638 540 510 403 362 316 277 191 107
799 tup 898 801 800 798 797 796 795 788 779 758 748 639 363 193 143
800 tut 801 799 798 797 796 795 790 781 761 689 642 581 542 512 405 364 317 145 110
801 tux 800 799 798 797 796 795 765 468
802 twa 803 766 59
803 two 802 787 773 757
804 tye 873 783 776 772 768 752 691 644 469 232 194 112 64
805 udo 811 9
806 ugh
807 uit 861 781 724 619 526 458 423 348 304 257 173 90 24
808 uke 815 561 207
809 ump 373 33
810 uns 817 812 566 376 219
811 upo 812 805
812 ups 817 811 810 570
813 urd 814
814 urn 813 224
815 use 808 578
816 uta 817 228
817 uts 816 812 810 381
818 van 842 834 831 823 822 821 820 819 756 652 592 474 285 235 117 72
819 vas 845 832 823 822 821 820 818 760 654 595 477 436 408 328 288 237 74 2
820 vat 846 826 823 822 821 819 818 761 699 655 596 546 478 437 409 329 289 238 196 120 75
821 vau 823 822 820 819 818 762 700 197
822 vav 823 821 820 819 818 763
823 vaw 880 847 835 822 821 820 819 818 764 701 656 597 479 438 387 330 154 121
824 vee 903 852 833 829 827 826 825 768 706 662 602 519 443 389 292 242 157 123 78
825 veg 837 827 826 824 769 603 444 413 79
826 vet 887 854 827 825 824 820 711 668 608 520 484 447 390 337 295 245 82
827 vex 836 826 825 824 713 670 450 416 339 164
828 via 832 831 830 829 612
829 vie 833 832 831 830 828 824 776 614 454 343 300 252 168
830 vim 832 831 829 828 719 675 524 491 344 170 20
831 vin 890 859 834 832 830 829 828 818 778 720 676 616 455 421 395 345 302 255 171 87 21
832 vis 874 860 831 830 829 828 819 780 723 618 493 457 347 89 23
833 voe 863 836 835 834 829 824 783 681 397 351 263 175
834 von 894 865 836 835 833 831 818 786 732 501 377 266 220 179 129
835 vow 896 870 836 834 833 823 791 737 683 629 537 506 464 400 355 183 134 99
836 vox 835 834 833 827 738 630 465 312 270 135 100
837 vug 825 796 686 636 508 466 402 359 276 189 105
838 wab 850 849 848 847 846 845 844 843 842 841 840 839 750 692 513 429 406 383 279 147 114
839 wad 872 851 849 848 847 846 845 844 843 842 841 840 838 751 694 647 588 471 431 321 280 233 148 115 68
840 wae 873 863 852 849 848 847 846 845 844 843 842 841 839 838 752 695 514 472 407 322 281
841 wag 899 858 849 848 847 846 845 844 843 842 840 839 838 753 696 648 515 473 432 384 323 282 234 149 69
842 wan 865 859 853 849 848 847 846 845 844 843 841 840 839 838 818 756 652 592 474 285 235 117 72
843 wap 900 878 867 849 848 847 846 845 844 842 841 840 839 838 758 698 653 593 516 475 434 327 286 153 118
844 war 879 849 848 847 846 845 843 842 841 840 839 838 759 594 545 476 435 386 287 236 195 119 73
845 was 868 860 849 848 847 846 844 843 842 841 840 839 838 819 760 654 595 477 436 408 328 288 237 74 2
846 wat 869 861 854 849 848 847 845 844 843 842 841 840 839 838 820 761 699 655 596 546 478 437 409 329 289 238 196 120 75
847 waw 880 870 849 848 846 845 844 843 842 841 840 839 838 823 764 701 656 597 479 438 387 330 154 121
848 wax 901 849 847 846 845 844 843 842 841 840 839 838 765 702 657 598 439 239
849 way 881 871 857 848 847 846 845 844 843 842 841 840 839 838 703 658 599 517 480 440 410 388 331 290 240 155 122 76
850 web 854 853 852 851 838 659 518 156
851 wed 902 872 854 853 852 850 839 767 661 601 442 291 241 77
852 wee 903 873 863 854 853 851 850 840 824 768 706 662 602 519 443 389 292 242 157 123 78
853 wen 884 865 859 854 852 851 850 842 770 709 604 483 414 333 243 160 81
854 wet 887 869 861 853 852 851 850 846 826 711 668 608 520 484 447 390 337 295 245 82
855 wha 857 856 17
856 who 866 857 855 773 671 557 486
857 why 871 856 855 849 774 716
858 wig 904 862 861 860 859 841 674 615 489 394 301 253 169 86
859 win 890 865 862 861 860 858 853 842 831 778 720 676 616 455 421 395 345 302 255 171 87 21
860 wis 874 868 862 861 859 858 845 832 780 723 618 493 457 347 89 23
861 wit 869 862 860 859 858 854 846 807 781 724 619 526 458 423 348 304 257 173 90 24
862 wiz 861 860 859 858 259
863 woe 873 870 869 868 867 866 865 864 852 840 833 783 681 397 351 263 175
864 wok 870 869 868 867 866 865 863
865 won 894 870 869 868 867 866 864 863 859 853 842 834 786 732 501 377 266 220 179 129
866 woo 907 870 869 868 867 865 864 863 856 787 533 502 461 309 130 95
867 wop 870 869 868 866 865 864 863 843 788 733 627 503 462 425 353 267 131 96
868 wos 870 869 867 866 865 864 863 860 845 734 535 427 181 132 97
869 wot 870 868 867 866 865 864 863 861 854 846 790 735 682 628 568 536 505 463 399 354 311 182 133 98
870 wow 896 869 868 867 866 865 864 863 847 835 791 737 683 629 537 506 464 400 355 183 134 99
871 wry 857 849 793 632 273 184 138
872 wud 851 839 635 579 507 275 187 140 104
873 wye 863 852 840 804 691 644 469 232 194 112 64
874 xis 860 832 780 723 618 493 457 347 89 23
875 yah 883 881 880 879 878 877 876 649 589 324 150 70 0
876 yak 897 881 880 879 878 877 875 544 151
877 yam 893 881 880 879 878 876 875 755 651 591 433 385 326 284 152 116
878 yap 900 898 891 885 881 880 879 877 876 875 843 758 698 653 593 516 475 434 327 286 153 118
879 yar 881 880 878 877 876 875 844 759 594 545 476 435 386 287 236 195 119 73
880 yaw 896 888 881 879 878 877 876 875 847 823 764 701 656 597 479 438 387 330 154 121
881 yay 880 879 878 877 876 875 849 703 658 599 517 480 440 410 388 331 290 240 155 122 76
882 yea 888 887 886 885 884 883 766 704 600 441 411
883 yeh 888 887 886 885 884 882 875
884 yen 894 890 888 887 886 885 883 882 853 770 709 604 483 414 333 243 160 81
885 yep 898 891 888 887 886 884 883 882 878 666 605 415 334
886 yes 888 887 885 884 883 882 667 607 553 336 161
887 yet 888 886 885 884 883 882 854 826 711 668 608 520 484 447 390 337 295 245 82
888 yew 896 887 886 885 884 883 882 880 771 712 609 521 485 392 338 247 163
889 yid 892 891 890 673 488 453 419 342 299 251 167 85 18
890 yin 894 891 889 884 859 831 778 720 676 616 455 421 395 345 302 255 171 87 21
891 yip 905 898 890 889 885 878 779 721 677 617 525 456 422 346 303 172
892 yod 896 895 894 893 889 782 730 680 623 529 497 350 308 126 93
893 yom 896 895 894 892 877 785 532 500 178
894 yon 896 895 893 892 890 884 865 834 786 732 501 377 266 220 179 129
895 you 896 894 893 892 736 269
896 yow 895 894 893 892 888 880 870 835 791 737 683 629 537 506 464 400 355 183 134 99
897 yuk 898 876 55
898 yup 897 891 885 878 799 748 639 363 193 143
899 zag 904 901 900 841 753 696 648 515 473 432 384 323 282 234 149 69
900 zap 905 901 899 878 843 758 698 653 593 516 475 434 327 286 153 118
901 zax 900 899 848 765 702 657 598 439 239
902 zed 903 851 767 661 601 442 291 241 77
903 zee 902 852 824 768 706 662 602 519 443 389 292 242 157 123 78
904 zig 905 899 858 674 615 489 394 301 253 169 86
905 zip 904 900 891 779 721 677 617 525 456 422 346 303 172
906 zoa 907 495 424 306 91
907 zoo 906 866 787 533 502 461 309 130 95
